faixa numero valortotalvenal valortotaliptu 

3.64881e+10

1480813184
50 2 3 -98 1000
20 40 80 160
0 20 40 60 80 100 120 140 160 180 200 220 240 260 280 300 320 340 360 380 420 440 460 480

6.5 13.5 29.3 58.5
13 27 58.5 117
19.5 40.5 87.8 175.5
26 54 117 234
39 81 175.5 351
52 108 234 468
58.5 121.5 263.3 526.5
65 135 292.5 585
78 162 351 702
0 180 390 780

2 5 8 11
5 8 11 14
9 12 15 18
11 14 17 20
15 18 21 24
18 21 24 27
20 23 26 29
25 28 31 34
29 32 35 38
0 34 37 40

921.64 96.75
407.98 26.75
573.24 643.12
259.53 779.82
754.72 418.32
631.5 370.84
701.85 662.21
661.89 780.58
221.05 866.64
385.52 790.08
712.55 684.37
918.73 630.18
954.26 959.65
861.6 77.2
216.44 879.96
875.31 67.87
990.36 310.85
921.57 766.58
482.97 734.15
768.4 278.17
614.36 769.09
192.62 279.44
244.46 984.73
381.23 653.34
602.9 762.1
346.48 584.02
269.28 968.57
689.14 338.07
673.83 300.51
117.63 36.27
892.54 156.62
285.06 207.51
282.25 33.53
326.63 521.71
923.29 757.1
481.92 542.98
817.58 991.77
752.55 377.3
769.37 463.25
44.33 160.72
630.76 977.96
655.1 409.88
474.74 364.97
170.82 718.77
786.65 188.91
68.82 182.42
735.06 967.46
677.19 470.9
370 756.67
169.86 301.67

922.5 103.27
401.32 25.45
574.9 641.49
259.97 784.2
748.37 417.79
630.88 368.16
702.44 661.32
662.6 778.57
226.02 869.49
383.17 792.57
711.89 687.29
918.74 627.69
961.49 962.36
857.43 80.22
213.79 877.57
874.44 68.21
997.79 311.63
925.04 765.55
482.18 734.38
765.74 279.72
610.96 772.98
190.36 277.85
242.75 986.87
381.77 655.14
602.99 760.06
346.54 586.52
266.43 968.74
683.17 340.74
676.67 299.63
119.59 36.29
893.96 156.34
290.59 203.67
283.64 32.95
320.54 519.26
921.69 756.52
484.49 545.71
812 989.33
748.87 382.49
767.83 458.73
43.94 152.28
629.4 981.06
659.11 405.97
478.31 365.93
169.03 713.37
788.25 190.9
70.39 179.51
733.57 967.14
675.63 471.59
373.78 750.19
173.05 304.92
